((0.000000000000 820.000000)
(0.000833333333 800.600000)
(0.001666666667 772.500000)
(0.002500000000 742.800000)
(0.003333333333 712.900000)
(0.004166666667 684.300000)
(0.005000000000 657.600000)
(0.005833333333 632.700000)
(0.006666666667 611.200000)
(0.007500000000 587.900000)
(0.008333333333 563.500000)
(0.009166666667 540.900000)
(0.010000000000 518.600000)
(0.010833333333 491.100000)
(0.011666666667 459.400000)
(0.012500000000 431.800000)
(0.013333333333 414.100000)
(0.014166666667 403.700000)
(0.015000000000 395.500000)
(0.015833333333 391.800000)
(0.016666666667 390.200000)
(0.017500000000 385.900000)
(0.018333333333 378.700000)
(0.019166666667 367.500000)
(0.020000000000 352.500000)
(0.020833333333 337.100000)
(0.021666666667 318.400000)
(0.022500000000 297.900000)
(0.023333333333 272.700000)
(0.024166666667 241.600000)
(0.025000000000 205.500000)
(0.025833333333 164.800000)
(0.026666666667 127.500000)
(0.027500000000 95.200000)
(0.028333333333 57.700000)
(0.029166666667 24.700000)
(0.029800000000 0.000000))
