((0.000000000000 1255.991921)
(0.005555555556 1191.122559)
(0.011111111111 1123.804595)
(0.016666666667 1057.036621)
(0.022222222222 991.211795)
(0.027777777778 926.556459)
(0.033333333333 863.278957)
(0.038888888889 801.614879)
(0.044444444444 741.857922)
(0.050000000000 684.397004)
(0.055555555556 629.774996)
(0.061111111111 578.797933)
(0.066666666667 563.876412)
(0.072222222222 560.912982)
(0.077777777778 559.744621)
(0.083333333333 557.279606)
(0.088888888889 546.605590)
(0.094444444444 527.843256)
(0.100000000000 504.567668)
(0.105555555556 476.761593)
(0.111111111111 444.421301)
(0.116666666667 407.560277)
(0.122222222222 366.213970)
(0.127777777778 320.445869)
(0.133333333333 270.355418)
(0.138888888889 216.088340)
(0.144444444444 157.850300)
(0.150000000000 95.925178)
(0.155555555556 30.699827)
(0.158090278664 0.000000))
